              precision    recall  f1-score   support

        bird     1.0000    1.0000    1.0000        10
        boar     0.8889    1.0000    0.9412         8
         dog     1.0000    0.9767    0.9882        43
      dragon     1.0000    0.9706    0.9851        34
        hare     1.0000    0.9091    0.9524        11
       horse     1.0000    1.0000    1.0000        52
      monkey     1.0000    1.0000    1.0000        56
          ox     0.9630    0.9630    0.9630        27
         ram     0.9615    0.9615    0.9615        26
         rat     0.9600    1.0000    0.9796        24
       snake     0.9355    0.9062    0.9206        32
       tiger     0.9459    0.9722    0.9589        72

    accuracy                         0.9747       395
   macro avg     0.9712    0.9716    0.9709       395
weighted avg     0.9752    0.9747    0.9747       395
